2025-09-27 00:00:09,urldna_bot,domain,sp442542.sitebeat.crazydomains.com,#phishing #scam,https://x.com/urldna_bot/status/1971726517022433352
2025-09-27 00:00:09,urldna_bot,url,https://sp442542.sitebeat.crazydomains.com,#phishing #scam,https://x.com/urldna_bot/status/1971726517022433352
2025-09-27 00:01:13,fbgwls245,domain,ptyctpveqfevlukjw4hpdh6nb5oiemq6ek6tuuvxbtrfghvuutvscsid.onion,#ransomware,https://x.com/fbgwls245/status/1971726784648696134
2025-09-27 00:01:13,fbgwls245,url,http://ptyctpveqfevlukjw4hpdh6nb5oiemq6ek6tuuvxbtrfghvuutvscsid.onion,#ransomware,https://x.com/fbgwls245/status/1971726784648696134
2025-09-27 01:12:07,ShadowChasing1,md5,71fde58b35319ef2bc8268e47eac8b9c,#APT #Kimsuky,https://x.com/ShadowChasing1/status/1971744628971090274
2025-09-27 01:12:07,ShadowChasing1,md5,103d584dcb8338a07ab78b90429fd7c0,#APT #Kimsuky,https://x.com/ShadowChasing1/status/1971744628971090274
2025-09-27 01:12:07,ShadowChasing1,md5,98d597a4568fc00f8517420d5e3e5f1b,#APT #Kimsuky,https://x.com/ShadowChasing1/status/1971744628971090274
2025-09-27 01:12:07,ShadowChasing1,md5,74bed90b2e02c05e332d71e0e7510528,#APT #Kimsuky,https://x.com/ShadowChasing1/status/1971744628971090274
2025-09-27 01:12:12,ShadowChasing1,sha256,d81f26c37f29bf0d53032497ea917b56120b761fd1fcf643b2bd3e82fa1ae847,#APT,https://x.com/ShadowChasing1/status/1971744651825852562
2025-09-27 02:28:29,skocherhan,md5,232bc5d35ba5e52803d5752270d2f6be,,https://x.com/skocherhan/status/1971763847045566524
2025-09-27 02:28:29,skocherhan,md5,7be5156d8e9cb0a43e92fe327499d16e,,https://x.com/skocherhan/status/1971763847045566524
2025-09-27 02:28:29,skocherhan,ip,89.44.9.186,,https://x.com/skocherhan/status/1971763847045566524
2025-09-27 02:28:29,skocherhan,md5,387dc860777bd7289ba6f6b34215549e,,https://x.com/skocherhan/status/1971763847045566524
2025-09-27 02:52:33,skocherhan,ip,185.132.176.238,,https://x.com/skocherhan/status/1971769904966914070
2025-09-27 04:00:07,urldna_bot,url,https://ipfs.io/ipfs/bafkreierhts4a6l3cjmdfqo57wfp4jwbufyhk3di365rqeg36evfv4y77a,#scam #phishing,https://x.com/urldna_bot/status/1971786906724700559
2025-09-27 04:00:07,urldna_bot,domain,ipfs.io,#scam #phishing,https://x.com/urldna_bot/status/1971786906724700559
2025-09-27 04:48:53,skocherhan,ip,213.199.36.218,#malware,https://x.com/skocherhan/status/1971799181665964366
2025-09-27 04:48:53,skocherhan,ip,173.249.58.7,#malware,https://x.com/skocherhan/status/1971799181665964366
2025-09-27 04:48:53,skocherhan,ip,164.68.106.78,#malware,https://x.com/skocherhan/status/1971799181665964366
2025-09-27 05:46:22,drb_ra,url,http://195.10.205.102:31337,#C2 #Sliver,https://x.com/drb_ra/status/1971813645077078207
2025-09-27 05:46:22,drb_ra,ip,195.10.205.102,#C2 #Sliver,https://x.com/drb_ra/status/1971813645077078207
2025-09-27 05:46:56,drb_ra,url,http://45.94.31.142:443,#C2 #Sliver,https://x.com/drb_ra/status/1971813788317110742
2025-09-27 05:46:56,drb_ra,ip,45.94.31.142,#C2 #Sliver,https://x.com/drb_ra/status/1971813788317110742
2025-09-27 05:47:30,drb_ra,url,http://45.59.119.84:443,#C2 #Sliver,https://x.com/drb_ra/status/1971813931661316139
2025-09-27 05:47:30,drb_ra,ip,45.59.119.84,#C2 #Sliver,https://x.com/drb_ra/status/1971813931661316139
2025-09-27 05:48:04,drb_ra,url,http://20.162.118.231:443,#C2 #Sliver,https://x.com/drb_ra/status/1971814074951389521
2025-09-27 05:48:04,drb_ra,ip,20.162.118.231,#C2 #Sliver,https://x.com/drb_ra/status/1971814074951389521
2025-09-27 05:50:41,drb_ra,ip,157.230.173.109,#C2 #AsyncRAT,https://x.com/drb_ra/status/1971814733175992589
2025-09-27 05:50:41,drb_ra,url,http://157.230.173.109:443,#C2 #AsyncRAT,https://x.com/drb_ra/status/1971814733175992589
2025-09-27 05:51:15,drb_ra,url,http://164.90.221.116:25,#C2 #Interactsh,https://x.com/drb_ra/status/1971814876827078684
2025-09-27 05:51:50,drb_ra,url,http://164.90.221.116:8080,#C2 #Interactsh,https://x.com/drb_ra/status/1971815020531994886
2025-09-27 05:52:24,drb_ra,ip,164.90.221.116,#C2 #Interactsh,https://x.com/drb_ra/status/1971815164010750000
2025-09-27 05:52:24,drb_ra,url,http://164.90.221.116:587,#C2 #Interactsh,https://x.com/drb_ra/status/1971815164010750000
2025-09-27 05:52:58,drb_ra,url,http://54.170.215.85:80,#C2 #Interactsh,https://x.com/drb_ra/status/1971815307669880860
2025-09-27 05:52:58,drb_ra,ip,54.170.215.85,#C2 #Interactsh,https://x.com/drb_ra/status/1971815307669880860
2025-09-27 05:53:32,drb_ra,ip,44.250.74.153,#C2 #Interactsh,https://x.com/drb_ra/status/1971815451094036897
2025-09-27 05:53:32,drb_ra,url,http://44.250.74.153:80,#C2 #Interactsh,https://x.com/drb_ra/status/1971815451094036897
2025-09-27 05:54:07,drb_ra,url,http://54.229.121.20:80,#C2 #Interactsh,https://x.com/drb_ra/status/1971815594723782796
2025-09-27 05:54:07,drb_ra,ip,54.229.121.20,#C2 #Interactsh,https://x.com/drb_ra/status/1971815594723782796
2025-09-27 05:54:41,drb_ra,url,http://34.244.128.40:80,#C2 #Interactsh,https://x.com/drb_ra/status/1971815738458755557
2025-09-27 05:54:41,drb_ra,ip,34.244.128.40,#C2 #Interactsh,https://x.com/drb_ra/status/1971815738458755557
2025-09-27 05:55:15,drb_ra,url,http://3.249.228.14:80,#C2 #Interactsh,https://x.com/drb_ra/status/1971815881480007834
2025-09-27 05:55:49,drb_ra,url,http://108.130.50.245:80,#C2 #Interactsh,https://x.com/drb_ra/status/1971816025285853680
2025-09-27 05:55:49,drb_ra,ip,108.130.50.245,#C2 #Interactsh,https://x.com/drb_ra/status/1971816025285853680
2025-09-27 05:56:24,drb_ra,ip,34.243.81.168,#C2 #Interactsh,https://x.com/drb_ra/status/1971816170513732027
2025-09-27 05:56:24,drb_ra,url,http://34.243.81.168:80,#C2 #Interactsh,https://x.com/drb_ra/status/1971816170513732027
2025-09-27 05:56:58,drb_ra,url,http://3.141.25.153:587,#C2 #Interactsh,https://x.com/drb_ra/status/1971816314193813724
2025-09-27 05:57:32,drb_ra,url,http://54.74.243.141:80,#C2 #Interactsh,https://x.com/drb_ra/status/1971816458435891655
2025-09-27 05:57:32,drb_ra,ip,54.74.243.141,#C2 #Interactsh,https://x.com/drb_ra/status/1971816458435891655
2025-09-27 05:58:07,drb_ra,url,http://176.34.144.177:80,#C2 #Interactsh,https://x.com/drb_ra/status/1971816601860411523
2025-09-27 05:58:07,drb_ra,ip,176.34.144.177,#C2 #Interactsh,https://x.com/drb_ra/status/1971816601860411523
2025-09-27 05:58:41,drb_ra,url,http://18.202.21.162:80,#C2 #Interactsh,https://x.com/drb_ra/status/1971816746375168222
2025-09-27 05:58:41,drb_ra,ip,18.202.21.162,#C2 #Interactsh,https://x.com/drb_ra/status/1971816746375168222
2025-09-27 05:59:15,drb_ra,url,http://91.92.242.76:80,#C2 #Pegasus #Hookbot,https://x.com/drb_ra/status/1971816890050732162
2025-09-27 05:59:15,drb_ra,ip,91.92.242.76,#C2 #Pegasus #Hookbot,https://x.com/drb_ra/status/1971816890050732162
2025-09-27 05:59:50,drb_ra,ip,200.91.114.156,#Qakbot #C2,https://x.com/drb_ra/status/1971817034053759108
2025-09-27 05:59:50,drb_ra,url,http://200.91.114.156:443,#Qakbot #C2,https://x.com/drb_ra/status/1971817034053759108
2025-09-27 06:00:07,urldna_bot,url,https://infoshawmember.weebly.com,#phishing #scam,https://x.com/urldna_bot/status/1971817107240243547
2025-09-27 06:00:07,urldna_bot,domain,infoshawmember.weebly.com,#phishing #scam,https://x.com/urldna_bot/status/1971817107240243547
2025-09-27 06:00:24,drb_ra,ip,139.84.133.84,#C2 #Havoc,https://x.com/drb_ra/status/1971817176895311929
2025-09-27 06:00:24,drb_ra,url,http://139.84.133.84:443,#C2 #Havoc,https://x.com/drb_ra/status/1971817176895311929
2025-09-27 06:00:58,drb_ra,url,http://60.204.225.69:40056,#C2 #Havoc,https://x.com/drb_ra/status/1971817320872808941
2025-09-27 06:00:58,drb_ra,ip,60.204.225.69,#C2 #Havoc,https://x.com/drb_ra/status/1971817320872808941
2025-09-27 06:01:32,drb_ra,url,http://20.42.107.78:443,#C2 #Havoc,https://x.com/drb_ra/status/1971817464586543321
2025-09-27 06:01:32,drb_ra,ip,20.42.107.78,#C2 #Havoc,https://x.com/drb_ra/status/1971817464586543321
2025-09-27 06:02:06,drb_ra,url,http://45.131.183.22:445,#C2 #Havoc,https://x.com/drb_ra/status/1971817607406715028
2025-09-27 06:02:06,drb_ra,ip,45.131.183.22,#C2 #Havoc,https://x.com/drb_ra/status/1971817607406715028
2025-09-27 06:02:40,drb_ra,ip,13.62.134.6,#C2 #Havoc,https://x.com/drb_ra/status/1971817750239523124
2025-09-27 06:02:40,drb_ra,url,http://13.62.134.6:443,#C2 #Havoc,https://x.com/drb_ra/status/1971817750239523124
2025-09-27 06:03:15,drb_ra,ip,154.214.45.42,#C2 #Deimos,https://x.com/drb_ra/status/1971817894200725766
2025-09-27 06:03:15,drb_ra,url,http://154.214.45.42:443,#C2 #Deimos,https://x.com/drb_ra/status/1971817894200725766
2025-09-27 06:03:49,drb_ra,url,http://34.202.169.107:443,#Deimos #C2,https://x.com/drb_ra/status/1971818037427720334
2025-09-27 06:03:49,drb_ra,ip,34.202.169.107,#Deimos #C2,https://x.com/drb_ra/status/1971818037427720334
2025-09-27 06:06:26,drb_ra,url,http://164.90.202.243:4321,#C2,https://x.com/drb_ra/status/1971818694331302035
2025-09-27 06:06:26,drb_ra,ip,164.90.202.243,#C2,https://x.com/drb_ra/status/1971818694331302035
2025-09-27 06:07:00,drb_ra,url,http://146.103.116.153:443,#C2,https://x.com/drb_ra/status/1971818837734469940
2025-09-27 06:07:00,drb_ra,ip,146.103.116.153,#C2,https://x.com/drb_ra/status/1971818837734469940
2025-09-27 06:07:34,drb_ra,url,http://45.66.249.68:80,#C2,https://x.com/drb_ra/status/1971818981326524875
2025-09-27 06:08:08,drb_ra,url,http://45.66.249.68:443,#C2,https://x.com/drb_ra/status/1971819124276842806
2025-09-27 06:08:08,drb_ra,ip,45.66.249.68,#C2,https://x.com/drb_ra/status/1971819124276842806
2025-09-27 06:08:42,drb_ra,ip,186.169.33.26,#C2 #Remcos,https://x.com/drb_ra/status/1971819267541627357
2025-09-27 06:08:42,drb_ra,url,http://186.169.33.26:2404,#C2 #Remcos,https://x.com/drb_ra/status/1971819267541627357
2025-09-27 06:09:16,drb_ra,url,http://196.251.81.162:2404,#C2 #Remcos,https://x.com/drb_ra/status/1971819410747785395
2025-09-27 06:09:16,drb_ra,ip,196.251.81.162,#C2 #Remcos,https://x.com/drb_ra/status/1971819410747785395
2025-09-27 06:09:50,drb_ra,ip,62.60.131.168,#C2 #Remcos,https://x.com/drb_ra/status/1971819553970897397
2025-09-27 06:09:50,drb_ra,url,http://62.60.131.168:2404,#C2 #Remcos,https://x.com/drb_ra/status/1971819553970897397
2025-09-27 06:10:25,drb_ra,ip,84.19.175.184,#C2 #Remcos,https://x.com/drb_ra/status/1971819697118007594
2025-09-27 06:10:25,drb_ra,url,http://84.19.175.184:56470,#C2 #Remcos,https://x.com/drb_ra/status/1971819697118007594
2025-09-27 06:10:59,drb_ra,url,http://92.61.71.38:2404,#C2 #Remcos,https://x.com/drb_ra/status/1971819839842144477
2025-09-27 06:10:59,drb_ra,ip,92.61.71.38,#C2 #Remcos,https://x.com/drb_ra/status/1971819839842144477
2025-09-27 06:11:33,drb_ra,ip,104.168.7.200,#C2 #Remcos,https://x.com/drb_ra/status/1971819983907987966
2025-09-27 06:11:33,drb_ra,url,http://104.168.7.200:2404,#C2 #Remcos,https://x.com/drb_ra/status/1971819983907987966
2025-09-27 06:12:07,drb_ra,ip,147.124.217.204,#C2 #Remcos,https://x.com/drb_ra/status/1971820127156068650
2025-09-27 06:12:07,drb_ra,url,http://147.124.217.204:2404,#C2 #Remcos,https://x.com/drb_ra/status/1971820127156068650
2025-09-27 06:12:41,drb_ra,ip,123.4.40.146,#Reverse_SSH #C2,https://x.com/drb_ra/status/1971820270098042923
2025-09-27 06:12:41,drb_ra,url,http://123.4.40.146:3232,#Reverse_SSH #C2,https://x.com/drb_ra/status/1971820270098042923
2025-09-27 06:13:15,drb_ra,ip,43.161.221.153,#Reverse_SSH #C2,https://x.com/drb_ra/status/1971820413786509337
2025-09-27 06:13:15,drb_ra,url,http://43.161.221.153:3232,#Reverse_SSH #C2,https://x.com/drb_ra/status/1971820413786509337
2025-09-27 06:13:50,drb_ra,ip,178.128.54.210,#Reverse_SSH #C2,https://x.com/drb_ra/status/1971820557567152482
2025-09-27 06:13:50,drb_ra,url,http://178.128.54.210:3232,#Reverse_SSH #C2,https://x.com/drb_ra/status/1971820557567152482
2025-09-27 06:14:24,drb_ra,ip,47.96.177.175,#Reverse_SSH #C2,https://x.com/drb_ra/status/1971820701062721800
2025-09-27 06:14:24,drb_ra,url,http://47.96.177.175:3232,#Reverse_SSH #C2,https://x.com/drb_ra/status/1971820701062721800
2025-09-27 06:14:58,drb_ra,ip,92.187.178.71,#C2 #NetSupportRAT,https://x.com/drb_ra/status/1971820844507640096
2025-09-27 06:14:58,drb_ra,url,http://92.187.178.71:3085,#C2 #NetSupportRAT,https://x.com/drb_ra/status/1971820844507640096
2025-09-27 06:15:32,drb_ra,url,http://213.176.18.51:9999,#AsyncRAT #C2,https://x.com/drb_ra/status/1971820988196442634
2025-09-27 06:15:32,drb_ra,ip,213.176.18.51,#AsyncRAT #C2,https://x.com/drb_ra/status/1971820988196442634
2025-09-27 06:49:31,harugasumi,domain,kokusei.leyu-leyutiyu.com,#phishing,https://x.com/harugasumi/status/1971829540772368712
2025-09-27 06:49:31,harugasumi,url,https://kokusei.leyu-leyutiyu.com/mykokusei,#phishing,https://x.com/harugasumi/status/1971829540772368712
2025-09-27 08:00:07,urldna_bot,domain,login.facilities-communications.com,#scam #phishing,https://x.com/urldna_bot/status/1971847307034296466
2025-09-27 08:00:07,urldna_bot,url,https://login.facilities-communications.com/s/63BZGFSVBWSFCDX7Y9/584dd8/90eab167-7429-489f-99f6-ce86e8d0d81a,#scam #phishing,https://x.com/urldna_bot/status/1971847307034296466
2025-09-27 09:41:26,malwrhunterteam,url,http://hivehr.works,,https://x.com/malwrhunterteam/status/1971872801880690914
2025-09-27 09:41:26,malwrhunterteam,domain,hivehr.works,,https://x.com/malwrhunterteam/status/1971872801880690914
2025-09-27 10:00:49,c9lab_soc,domain,jpmorgan-eu.com,#scam #phishing,https://x.com/c9lab_soc/status/1971877682091819181
2025-09-27 10:00:49,c9lab_soc,url,http://jpmorgan-eu.com,#scam #phishing,https://x.com/c9lab_soc/status/1971877682091819181
2025-09-27 10:02:23,c9lab_soc,domain,discover-bi.store,#scam #phishing,https://x.com/c9lab_soc/status/1971878076251623714
2025-09-27 10:02:23,c9lab_soc,url,http://discover-bi.store,#scam #phishing,https://x.com/c9lab_soc/status/1971878076251623714
2025-09-27 10:04:40,c9lab_soc,domain,telegram-download.shop,#scam #phishing,https://x.com/c9lab_soc/status/1971878648350495134
2025-09-27 10:04:40,c9lab_soc,url,http://telegram-download.shop,#scam #phishing,https://x.com/c9lab_soc/status/1971878648350495134
2025-09-27 10:05:15,c9lab_soc,domain,norton-help.online,#scam #phishing,https://x.com/c9lab_soc/status/1971878797713780746
2025-09-27 10:05:15,c9lab_soc,url,http://norton-help.online,#scam #phishing,https://x.com/c9lab_soc/status/1971878797713780746
2025-09-27 10:06:57,c9lab_soc,url,http://soundcloud-to-mp3.com,#phishing #scam,https://x.com/c9lab_soc/status/1971879224245109206
2025-09-27 10:06:57,c9lab_soc,domain,soundcloud-to-mp3.com,#phishing #scam,https://x.com/c9lab_soc/status/1971879224245109206
2025-09-27 10:07:44,malwrhunterteam,url,http://77.83.246.202,,https://x.com/malwrhunterteam/status/1971879420169539731
2025-09-27 10:07:44,malwrhunterteam,ip,77.83.246.202,,https://x.com/malwrhunterteam/status/1971879420169539731
2025-09-27 10:30:53,drb_ra,url,https://47.122.119.55/cm,#C2 #CobaltStrike,https://x.com/drb_ra/status/1971885246703718625
2025-09-27 10:30:53,drb_ra,url,http://47.122.119.55:80,#C2 #CobaltStrike,https://x.com/drb_ra/status/1971885246703718625
2025-09-27 10:30:53,drb_ra,ip,47.122.119.55,#C2 #CobaltStrike,https://x.com/drb_ra/status/1971885246703718625
2025-09-27 10:44:06,banthisguy9349,domain,AIRFORCE.ZIP,,https://x.com/banthisguy9349/status/1971888574300934186
2025-09-27 10:44:06,banthisguy9349,url,http://AIRFORCE.ZIP,,https://x.com/banthisguy9349/status/1971888574300934186
2025-09-27 10:51:52,drb_ra,ip,156.234.94.222,#C2 #CobaltStrike,https://x.com/drb_ra/status/1971890527902880114
2025-09-27 10:51:52,drb_ra,url,http://156.234.214.180:888,#C2 #CobaltStrike,https://x.com/drb_ra/status/1971890527902880114
2025-09-27 10:51:52,drb_ra,ip,156.234.214.180,#C2 #CobaltStrike,https://x.com/drb_ra/status/1971890527902880114
2025-09-27 10:54:29,drb_ra,url,http://144.172.108.70:4433,#C2 #CobaltStrike,https://x.com/drb_ra/status/1971891186962256270
2025-09-27 10:54:29,drb_ra,ip,144.172.108.70,#C2 #CobaltStrike,https://x.com/drb_ra/status/1971891186962256270
2025-09-27 10:55:04,drb_ra,url,http://43.240.239.142:888,#C2 #CobaltStrike,https://x.com/drb_ra/status/1971891333146276035
2025-09-27 10:55:04,drb_ra,ip,43.240.239.142,#C2 #CobaltStrike,https://x.com/drb_ra/status/1971891333146276035
2025-09-27 10:55:39,drb_ra,url,http://156.234.36.252:888,#C2 #CobaltStrike,https://x.com/drb_ra/status/1971891479200387109
2025-09-27 10:55:39,drb_ra,ip,156.234.36.252,#C2 #CobaltStrike,https://x.com/drb_ra/status/1971891479200387109
2025-09-27 10:56:13,drb_ra,url,https://156.234.94.222/admin/Adjust/Server/sent/API/10M7XWXVJ0,#C2 #CobaltStrike,https://x.com/drb_ra/status/1971891624620994872
2025-09-27 10:56:13,drb_ra,url,http://156.234.214.178:888,#C2 #CobaltStrike,https://x.com/drb_ra/status/1971891624620994872
2025-09-27 10:56:13,drb_ra,ip,156.234.214.178,#C2 #CobaltStrike,https://x.com/drb_ra/status/1971891624620994872
2025-09-27 10:56:48,drb_ra,url,http://109.205.213.121:4444,#C2 #CobaltStrike,https://x.com/drb_ra/status/1971891769161011238
2025-09-27 10:56:48,drb_ra,ip,109.205.213.121,#C2 #CobaltStrike,https://x.com/drb_ra/status/1971891769161011238
2025-09-27 12:00:10,urldna_bot,domain,f-casefile-service.github.io,#scam #phishing,https://x.com/urldna_bot/status/1971907715661205712
2025-09-27 12:00:10,urldna_bot,url,https://f-casefile-service.github.io/penal/request.html,#scam #phishing,https://x.com/urldna_bot/status/1971907715661205712
2025-09-27 12:16:52,drb_ra,url,https://3.99.181.67:443,#C2,https://x.com/drb_ra/status/1971911919369093476
2025-09-27 12:16:52,drb_ra,url,http://3.99.181.67:443,#C2,https://x.com/drb_ra/status/1971911919369093476
2025-09-27 14:00:07,urldna_bot,domain,tiscalimailserviceupdateo.weebly.com,#phishing #scam,https://x.com/urldna_bot/status/1971937902998204917
2025-09-27 14:00:07,urldna_bot,url,https://tiscalimailserviceupdateo.weebly.com,#phishing #scam,https://x.com/urldna_bot/status/1971937902998204917
2025-09-27 14:04:04,luke92881,sha256,31ebdf2d6fb973f648c05226b57ff264d8b650dfe03f995deba0fa795d76f37c,,https://x.com/luke92881/status/1971938897413525608
2025-09-27 16:00:10,urldna_bot,domain,connect-mail-th-com.weebly.com,#scam #phishing,https://x.com/urldna_bot/status/1971968115488489634
2025-09-27 16:00:10,urldna_bot,url,https://connect-mail-th-com.weebly.com,#scam #phishing,https://x.com/urldna_bot/status/1971968115488489634
2025-09-27 17:18:20,ShanHolo,domain,pretty-ebony-feeds-ericsson.trycloudflare.com,#malware #opendir,https://x.com/ShanHolo/status/1971987787068178926
2025-09-27 17:18:20,ShanHolo,url,https://pretty-ebony-feeds-ericsson.trycloudflare.com,#malware #opendir,https://x.com/ShanHolo/status/1971987787068178926
2025-09-27 17:18:20,ShanHolo,domain,watches-omaha-partnerships-median.trycloudflare.com,#malware #opendir,https://x.com/ShanHolo/status/1971987787068178926
2025-09-27 17:18:20,ShanHolo,url,https://watches-omaha-partnerships-median.trycloudflare.com,#malware #opendir,https://x.com/ShanHolo/status/1971987787068178926
2025-09-27 17:18:20,ShanHolo,domain,static-obligations-baths-carnival.trycloudflare.com,#malware #opendir,https://x.com/ShanHolo/status/1971987787068178926
2025-09-27 17:18:20,ShanHolo,url,https://static-obligations-baths-carnival.trycloudflare.com,#malware #opendir,https://x.com/ShanHolo/status/1971987787068178926
2025-09-27 17:30:40,volrant136,ip,196.251.73.58,#opendir,https://x.com/volrant136/status/1971990891188625686
2025-09-27 17:30:40,volrant136,sha256,C3D1588C312A2CE47B1987E4EF5A44932E3F6FE563BC0A0B34898BE00A54559A,#opendir,https://x.com/volrant136/status/1971990891188625686
2025-09-27 17:47:35,drb_ra,url,http://54.216.152.210:80,#Interactsh #C2,https://x.com/drb_ra/status/1971995148138778950
2025-09-27 17:47:35,drb_ra,ip,54.216.152.210,#Interactsh #C2,https://x.com/drb_ra/status/1971995148138778950
2025-09-27 17:48:10,drb_ra,url,http://54.216.137.39:80,#Interactsh #C2,https://x.com/drb_ra/status/1971995293496627579
2025-09-27 17:48:10,drb_ra,ip,54.216.137.39,#Interactsh #C2,https://x.com/drb_ra/status/1971995293496627579
2025-09-27 17:48:44,drb_ra,url,http://52.212.178.137:80,#Interactsh #C2,https://x.com/drb_ra/status/1971995437470236900
2025-09-27 17:48:44,drb_ra,ip,52.212.178.137,#Interactsh #C2,https://x.com/drb_ra/status/1971995437470236900
2025-09-27 17:49:19,drb_ra,url,http://86.156.43.159:80,#Interactsh #C2,https://x.com/drb_ra/status/1971995581330727356
2025-09-27 17:49:19,drb_ra,ip,86.156.43.159,#Interactsh #C2,https://x.com/drb_ra/status/1971995581330727356
2025-09-27 17:49:53,drb_ra,url,http://70.27.138.170:2222,#Qakbot #C2,https://x.com/drb_ra/status/1971995725027528960
2025-09-27 17:49:53,drb_ra,ip,70.27.138.170,#Qakbot #C2,https://x.com/drb_ra/status/1971995725027528960
2025-09-27 17:50:27,drb_ra,url,http://38.54.12.47:443,#Havoc #C2,https://x.com/drb_ra/status/1971995868850278475
2025-09-27 17:50:27,drb_ra,ip,38.54.12.47,#Havoc #C2,https://x.com/drb_ra/status/1971995868850278475
2025-09-27 17:51:02,drb_ra,url,http://37.97.133.245:7443,#C2 #Mythic,https://x.com/drb_ra/status/1971996012970647950
2025-09-27 17:51:02,drb_ra,ip,37.97.133.245,#C2 #Mythic,https://x.com/drb_ra/status/1971996012970647950
2025-09-27 17:53:38,drb_ra,url,http://173.212.202.8:8329,#C2,https://x.com/drb_ra/status/1971996668922065183
2025-09-27 17:53:38,drb_ra,ip,173.212.202.8,#C2,https://x.com/drb_ra/status/1971996668922065183
2025-09-27 17:54:12,drb_ra,url,http://144.124.234.178:443,#C2,https://x.com/drb_ra/status/1971996812249858221
2025-09-27 17:54:12,drb_ra,ip,144.124.234.178,#C2,https://x.com/drb_ra/status/1971996812249858221
2025-09-27 17:54:47,drb_ra,url,http://166.88.117.240:2404,#C2 #Remcos,https://x.com/drb_ra/status/1971996956647121318
2025-09-27 17:54:47,drb_ra,ip,166.88.117.240,#C2 #Remcos,https://x.com/drb_ra/status/1971996956647121318
2025-09-27 17:55:21,drb_ra,url,http://196.57.129.61:2404,#C2 #Remcos,https://x.com/drb_ra/status/1971997099823976826
2025-09-27 17:55:21,drb_ra,ip,196.57.129.61,#C2 #Remcos,https://x.com/drb_ra/status/1971997099823976826
2025-09-27 17:55:55,drb_ra,url,http://18.222.233.217:2404,#C2 #Remcos,https://x.com/drb_ra/status/1971997243462042104
2025-09-27 17:55:55,drb_ra,ip,18.222.233.217,#C2 #Remcos,https://x.com/drb_ra/status/1971997243462042104
2025-09-27 17:56:29,drb_ra,url,http://196.57.129.62:2404,#C2 #Remcos,https://x.com/drb_ra/status/1971997387175743688
2025-09-27 17:56:29,drb_ra,ip,196.57.129.62,#C2 #Remcos,https://x.com/drb_ra/status/1971997387175743688
2025-09-27 17:57:04,drb_ra,url,http://91.193.7.162:6513,#Remcos #C2,https://x.com/drb_ra/status/1971997531392618500
2025-09-27 17:57:04,drb_ra,ip,91.193.7.162,#Remcos #C2,https://x.com/drb_ra/status/1971997531392618500
2025-09-27 17:57:38,drb_ra,url,http://56.124.56.70:48950,#NetSupportRAT #C2,https://x.com/drb_ra/status/1971997675664138261
2025-09-27 17:57:38,drb_ra,ip,56.124.56.70,#NetSupportRAT #C2,https://x.com/drb_ra/status/1971997675664138261
2025-09-27 17:58:12,drb_ra,url,http://84.27.86.226:443,#NetSupportRAT #C2,https://x.com/drb_ra/status/1971997820107538910
2025-09-27 17:58:12,drb_ra,ip,84.27.86.226,#NetSupportRAT #C2,https://x.com/drb_ra/status/1971997820107538910
2025-09-27 17:58:47,drb_ra,url,http://18.204.74.9:25,#Interactsh #C2,https://x.com/drb_ra/status/1971997963808657825
2025-09-27 17:58:47,drb_ra,ip,18.204.74.9,#Interactsh #C2,https://x.com/drb_ra/status/1971997963808657825
2025-09-27 17:59:21,drb_ra,url,http://63.35.178.182:80,#Interactsh #C2,https://x.com/drb_ra/status/1971998107190894663
2025-09-27 17:59:21,drb_ra,ip,63.35.178.182,#Interactsh #C2,https://x.com/drb_ra/status/1971998107190894663
2025-09-27 18:00:07,urldna_bot,domain,par30s.ir,#phishing #scam,https://x.com/urldna_bot/status/1971998299029668208
2025-09-27 18:00:07,urldna_bot,url,https://par30s.ir/correos.paquet.67788377364/correos/,#phishing #scam,https://x.com/urldna_bot/status/1971998299029668208
2025-09-27 20:00:07,urldna_bot,domain,infouned5142.weebly.com,#phishing #scam,https://x.com/urldna_bot/status/1972028498316284273
2025-09-27 20:00:07,urldna_bot,url,https://infouned5142.weebly.com,#phishing #scam,https://x.com/urldna_bot/status/1972028498316284273
2025-09-27 21:00:05,threatquery,url,http://31.57.97.59,#C2 #Xworm #malware,https://x.com/threatquery/status/1972043590051197384
2025-09-27 21:00:05,threatquery,ip,31.57.97.59,#C2 #Xworm #malware,https://x.com/threatquery/status/1972043590051197384
2025-09-27 22:00:10,urldna_bot,domain,hhsse.weebly.com,#phishing #scam,https://x.com/urldna_bot/status/1972058711007887465
2025-09-27 22:00:10,urldna_bot,url,https://hhsse.weebly.com,#phishing #scam,https://x.com/urldna_bot/status/1972058711007887465
2025-09-27 22:22:49,drb_ra,url,https://167.172.75.250/jquery-3.3.1.min.js,#CobaltStrike #C2,https://x.com/drb_ra/status/1972064412015157569
2025-09-27 22:22:49,drb_ra,url,http://167.172.75.250:443,#CobaltStrike #C2,https://x.com/drb_ra/status/1972064412015157569
2025-09-27 22:22:49,drb_ra,ip,167.172.75.250,#CobaltStrike #C2,https://x.com/drb_ra/status/1972064412015157569
2025-09-27 23:10:29,masaomi346,domain,forestnightocean.giftcoin.net,#phishing,https://x.com/masaomi346/status/1972076404989915382
2025-09-27 23:10:29,masaomi346,url,https://forestnightocean.giftcoin.net,#phishing,https://x.com/masaomi346/status/1972076404989915382
2025-09-27 23:10:29,masaomi346,domain,mountaintree.intoweel.com,#phishing,https://x.com/masaomi346/status/1972076404989915382
2025-09-27 23:10:29,masaomi346,url,https://mountaintree.intoweel.com,#phishing,https://x.com/masaomi346/status/1972076404989915382
2025-09-27 23:10:29,masaomi346,domain,rainsunforest.wirelessgardenstore.com,#phishing,https://x.com/masaomi346/status/1972076404989915382
2025-09-27 23:10:29,masaomi346,url,https://rainsunforest.wirelessgardenstore.com,#phishing,https://x.com/masaomi346/status/1972076404989915382
2025-09-27 23:10:29,masaomi346,domain,soulmountain.poparts.net,#phishing,https://x.com/masaomi346/status/1972076404989915382
2025-09-27 23:10:29,masaomi346,url,https://soulmountain.poparts.net,#phishing,https://x.com/masaomi346/status/1972076404989915382
